/*--------------------------------*- C++ -*----------------------------------*\
| =========                 |                                                 |
| \\      /  F ield         | OpenFOAM: The Open Source CFD Toolbox           |
|  \\    /   O peration     | Version:  2.3                                   |
|   \\  /    A nd           | Web:      www.OpenFOAM.org                      |
|    \\/     M anipulation  |                                                 |
\*---------------------------------------------------------------------------*/
/*   Windows 32 and 64 bit porting by blueCAPE: http://www.bluecape.com.pt   *\
|  Based on Windows porting (2.0.x v4) by Symscape: http://www.symscape.com   |
\*---------------------------------------------------------------------------*/
FoamFile
{
    version     2.0;
    format      ascii;
    class       volScalarField;
    location    "0";
    object      p_rgh;
}
// * * * * * * * * * * * * * * * * * * * * * * * * * * * * * * * * * * * * * //

dimensions      [1 -1 -2 0 0 0 0];

internalField   nonuniform List<scalar> 
2268
(
0.00294294
0.00294294
0.00294294
0.00294294
0.00294294
0.00294294
0.00294294
0.00294294
0.00294294
0.00294294
0.00294294
0.00294294
0.00294294
0.00294294
0.00294294
0.00294294
0.00294294
0.00294294
0.00294294
0.00294294
0.00294294
0.00294294
0.00294294
0.00882881
0.00882881
0.00882881
0.00882881
0.00882881
0.00882881
0.00882881
0.00882881
0.00882881
0.00882881
0.00882881
0.00882881
0.00882881
0.00882881
0.00882881
0.00882881
0.00882881
0.00882881
0.00882881
0.00882881
0.00882881
0.00882881
0.00882881
0.0147147
0.0147147
0.0147147
0.0147147
0.0147147
0.0147147
0.0147147
0.0147147
0.0147147
0.0147147
0.0147147
0.0147147
0.0147147
0.0147147
0.0147147
0.0147147
0.0147147
0.0147147
0.0147147
0.0147147
0.0147147
0.0147147
0.0147147
0.0206006
0.0206006
0.0206006
0.0206006
0.0206006
0.0206006
0.0206006
0.0206006
0.0206006
0.0206006
0.0206006
0.0206006
0.0206006
0.0206006
0.0206006
0.0206006
0.0206006
0.0206006
0.0206006
0.0206006
0.0206006
0.0206006
0.0206006
0.0264864
0.0264864
0.0264864
0.0264864
0.0264864
0.0264864
0.0264864
0.0264864
0.0264864
0.0264864
0.0264864
0.0264864
0.0264864
0.0264864
0.0264864
0.0264864
0.0264864
0.0264864
0.0264864
0.0264864
0.0264864
0.0264864
0.0264864
0.0323723
0.0323723
0.0323723
0.0323723
0.0323723
0.0323723
0.0323723
0.0323723
0.0323723
0.0323723
0.0323723
0.0323723
0.0323723
0.0323723
0.0323723
0.0323723
0.0323723
0.0323723
0.0323723
0.0323723
0.0323723
0.0323723
0.0323723
0.0382582
0.0382582
0.0382582
0.0382582
0.0382582
0.0382582
0.0382582
0.0382582
0.0382582
0.0382582
0.0382582
0.0382582
0.0382582
0.0382582
0.0382582
0.0382582
0.0382582
0.0382582
0.0382582
0.0382582
0.0382582
0.0382582
0.0382582
0.044144
0.044144
0.044144
0.044144
0.044144
0.044144
0.044144
0.044144
0.044144
0.044144
0.044144
0.044144
0.044144
0.044144
0.044144
0.044144
0.044144
0.044144
0.044144
0.044144
0.044144
0.044144
0.044144
0.00294294
0.00294294
0.00294294
0.00294294
0.00294294
0.00294294
0.00294294
0.00294294
0.00294294
0.00294294
0.00294294
0.00294294
0.00294294
0.00294294
0.00294294
0.00294294
0.00294294
0.00294294
0.00294294
0.00882881
0.00882881
0.00882881
0.00882881
0.00882881
0.00882881
0.00882881
0.00882881
0.00882881
0.00882881
0.00882881
0.00882881
0.00882881
0.00882881
0.00882881
0.00882881
0.00882881
0.00882881
0.00882881
0.0147147
0.0147147
0.0147147
0.0147147
0.0147147
0.0147147
0.0147147
0.0147147
0.0147147
0.0147147
0.0147147
0.0147147
0.0147147
0.0147147
0.0147147
0.0147147
0.0147147
0.0147147
0.0147147
0.0206006
0.0206006
0.0206006
0.0206006
0.0206006
0.0206006
0.0206006
0.0206006
0.0206006
0.0206006
0.0206006
0.0206006
0.0206006
0.0206006
0.0206006
0.0206006
0.0206006
0.0206006
0.0206006
0.0264864
0.0264864
0.0264864
0.0264864
0.0264864
0.0264864
0.0264864
0.0264864
0.0264864
0.0264864
0.0264864
0.0264864
0.0264864
0.0264864
0.0264864
0.0264864
0.0264864
0.0264864
0.0264864
0.0323723
0.0323723
0.0323723
0.0323723
0.0323723
0.0323723
0.0323723
0.0323723
0.0323723
0.0323723
0.0323723
0.0323723
0.0323723
0.0323723
0.0323723
0.0323723
0.0323723
0.0323723
0.0323723
0.0382582
0.0382582
0.0382582
0.0382582
0.0382582
0.0382582
0.0382582
0.0382582
0.0382582
0.0382582
0.0382582
0.0382582
0.0382582
0.0382582
0.0382582
0.0382582
0.0382582
0.0382582
0.0382582
0.044144
0.044144
0.044144
0.044144
0.044144
0.044144
0.044144
0.044144
0.044144
0.044144
0.044144
0.044144
0.044144
0.044144
0.044144
0.044144
0.044144
0.044144
0.044144
0.0533467
0.0533467
0.0533467
0.0533467
0.0533467
0.0533467
0.0533467
0.0533467
0.0533467
0.0533467
0.0533467
0.0533467
0.0533467
0.0533467
0.0533467
0.0533467
0.0533467
0.0533467
0.0533467
0.0533467
0.0533467
0.0533467
0.0533467
0.0658662
0.0658662
0.0658662
0.0658662
0.0658662
0.0658662
0.0658662
0.0658662
0.0658662
0.0658662
0.0658662
0.0658662
0.0658662
0.0658662
0.0658662
0.0658662
0.0658662
0.0658662
0.0658662
0.0658662
0.0658662
0.0658662
0.0658662
0.0783856
0.0783856
0.0783856
0.0783856
0.0783856
0.0783856
0.0783856
0.0783856
0.0783856
0.0783856
0.0783856
0.0783856
0.0783856
0.0783856
0.0783856
0.0783856
0.0783856
0.0783856
0.0783856
0.0783856
0.0783856
0.0783856
0.0783856
0.0909051
0.0909051
0.0909051
0.0909051
0.0909051
0.0909051
0.0909051
0.0909051
0.0909051
0.0909051
0.0909051
0.0909051
0.0909051
0.0909051
0.0909051
0.0909051
0.0909051
0.0909051
0.0909051
0.0909051
0.0909051
0.0909051
0.0909051
0.103425
0.103425
0.103425
0.103425
0.103425
0.103425
0.103425
0.103425
0.103425
0.103425
0.103425
0.103425
0.103425
0.103425
0.103425
0.103425
0.103425
0.103425
0.103425
0.103425
0.103425
0.103425
0.103425
0.115944
0.115944
0.115944
0.115944
0.115944
0.115944
0.115944
0.115944
0.115944
0.115944
0.115944
0.115944
0.115944
0.115944
0.115944
0.115944
0.115944
0.115944
0.115944
0.115944
0.115944
0.115944
0.115944
0.128463
0.128463
0.128463
0.128463
0.128463
0.128463
0.128463
0.128463
0.128463
0.128463
0.128463
0.128463
0.128463
0.128463
0.128463
0.128463
0.128463
0.128463
0.128463
0.128463
0.128463
0.128463
0.128463
0.140983
0.140983
0.140983
0.140983
0.140983
0.140983
0.140983
0.140983
0.140983
0.140983
0.140983
0.140983
0.140983
0.140983
0.140983
0.140983
0.140983
0.140983
0.140983
0.140983
0.140983
0.140983
0.140983
0.153502
0.153502
0.153502
0.153502
0.153502
0.153502
0.153502
0.153502
0.153502
153.502
153.502
153.502
153.502
0.153502
0.153502
0.153502
0.153502
0.153502
0.153502
0.153502
0.153502
0.153502
0.153502
0.166022
0.166022
0.166022
0.166022
0.166022
0.166022
0.166022
0.166022
166.022
166.022
166.022
166.022
166.022
166.022
0.166022
0.166022
0.166022
0.166022
0.166022
0.166022
0.166022
0.166022
0.166022
0.178541
0.178541
0.178541
0.178541
0.178541
0.178541
0.178541
178.541
178.541
178.541
178.541
178.541
178.541
178.541
178.541
0.178541
0.178541
0.178541
0.178541
0.178541
0.178541
0.178541
0.178541
0.191061
0.191061
0.191061
0.191061
0.191061
0.191061
0.191061
191.061
191.061
191.061
191.061
191.061
191.061
191.061
191.061
0.191061
0.191061
0.191061
0.191061
0.191061
0.191061
0.191061
0.191061
0.20358
0.20358
0.20358
0.20358
0.20358
0.20358
0.20358
203.58
203.58
203.58
203.58
203.58
203.58
203.58
203.58
0.20358
0.20358
0.20358
0.20358
0.20358
0.20358
0.20358
0.20358
0.2161
0.2161
0.2161
0.2161
0.2161
0.2161
0.2161
216.1
216.1
216.1
216.1
216.1
216.1
216.1
216.1
0.2161
0.2161
0.2161
0.2161
0.2161
0.2161
0.2161
0.2161
0.228619
0.228619
0.228619
0.228619
0.228619
0.228619
0.228619
0.228619
228.619
228.619
228.619
228.619
228.619
228.619
0.228619
0.228619
0.228619
0.228619
0.228619
0.228619
0.228619
0.228619
0.228619
0.241138
0.241138
0.241138
0.241138
0.241138
0.241138
0.241138
0.241138
0.241138
241.138
241.138
241.138
241.138
0.241138
0.241138
0.241138
0.241138
0.241138
0.241138
0.241138
0.241138
0.241138
0.241138
0.253658
0.253658
0.253658
0.253658
0.253658
0.253658
0.253658
0.253658
0.253658
0.253658
0.253658
0.253658
0.253658
0.253658
0.253658
0.253658
0.253658
0.253658
0.253658
0.253658
0.253658
0.253658
0.253658
0.266177
0.266177
0.266177
0.266177
0.266177
0.266177
0.266177
0.266177
0.266177
0.266177
0.266177
0.266177
0.266177
0.266177
0.266177
0.266177
0.266177
0.266177
0.266177
0.266177
0.266177
0.266177
0.266177
0.278697
0.278697
0.278697
0.278697
0.278697
0.278697
0.278697
0.278697
0.278697
0.278697
0.278697
0.278697
0.278697
0.278697
0.278697
0.278697
0.278697
0.278697
0.278697
0.278697
0.278697
0.278697
0.278697
0.291216
0.291216
0.291216
0.291216
0.291216
0.291216
0.291216
0.291216
0.291216
0.291216
0.291216
0.291216
0.291216
0.291216
0.291216
0.291216
0.291216
0.291216
0.291216
0.291216
0.291216
0.291216
0.291216
0.303736
0.303736
0.303736
0.303736
0.303736
0.303736
0.303736
0.303736
0.303736
0.303736
0.303736
0.303736
0.303736
0.303736
0.303736
0.303736
0.303736
0.303736
0.303736
0.303736
0.303736
0.303736
0.303736
0.316255
0.316255
0.316255
0.316255
0.316255
0.316255
0.316255
0.316255
0.316255
0.316255
0.316255
0.316255
0.316255
0.316255
0.316255
0.316255
0.316255
0.316255
0.316255
0.316255
0.316255
0.316255
0.316255
0.328775
0.328775
0.328775
0.328775
0.328775
0.328775
0.328775
0.328775
0.328775
0.328775
0.328775
0.328775
0.328775
0.328775
0.328775
0.328775
0.328775
0.328775
0.328775
0.328775
0.328775
0.328775
0.328775
0.341294
0.341294
0.341294
0.341294
0.341294
0.341294
0.341294
0.341294
0.341294
0.341294
0.341294
0.341294
0.341294
0.341294
0.341294
0.341294
0.341294
0.341294
0.341294
0.341294
0.341294
0.341294
0.341294
0.353814
0.353814
0.353814
0.353814
0.353814
0.353814
0.353814
0.353814
0.353814
0.353814
0.353814
0.353814
0.353814
0.353814
0.353814
0.353814
0.353814
0.353814
0.353814
0.353814
0.353814
0.353814
0.353814
0.366333
0.366333
0.366333
0.366333
0.366333
0.366333
0.366333
0.366333
0.366333
0.366333
0.366333
0.366333
0.366333
0.366333
0.366333
0.366333
0.366333
0.366333
0.366333
0.366333
0.366333
0.366333
0.366333
0.378852
0.378852
0.378852
0.378852
0.378852
0.378852
0.378852
0.378852
0.378852
0.378852
0.378852
0.378852
0.378852
0.378852
0.378852
0.378852
0.378852
0.378852
0.378852
0.378852
0.378852
0.378852
0.378852
0.391372
0.391372
0.391372
0.391372
0.391372
0.391372
0.391372
0.391372
0.391372
0.391372
0.391372
0.391372
0.391372
0.391372
0.391372
0.391372
0.391372
0.391372
0.391372
0.391372
0.391372
0.391372
0.391372
0.403891
0.403891
0.403891
0.403891
0.403891
0.403891
0.403891
0.403891
0.403891
0.403891
0.403891
0.403891
0.403891
0.403891
0.403891
0.403891
0.403891
0.403891
0.403891
0.403891
0.403891
0.403891
0.403891
0.416411
0.416411
0.416411
0.416411
0.416411
0.416411
0.416411
0.416411
0.416411
0.416411
0.416411
0.416411
0.416411
0.416411
0.416411
0.416411
0.416411
0.416411
0.416411
0.416411
0.416411
0.416411
0.416411
0.42893
0.42893
0.42893
0.42893
0.42893
0.42893
0.42893
0.42893
0.42893
0.42893
0.42893
0.42893
0.42893
0.42893
0.42893
0.42893
0.42893
0.42893
0.42893
0.42893
0.42893
0.42893
0.42893
0.44145
0.44145
0.44145
0.44145
0.44145
0.44145
0.44145
0.44145
0.44145
0.44145
0.44145
0.44145
0.44145
0.44145
0.44145
0.44145
0.44145
0.44145
0.44145
0.44145
0.44145
0.44145
0.44145
0.453969
0.453969
0.453969
0.453969
0.453969
0.453969
0.453969
0.453969
0.453969
0.453969
0.453969
0.453969
0.453969
0.453969
0.453969
0.453969
0.453969
0.453969
0.453969
0.453969
0.453969
0.453969
0.453969
0.466489
0.466489
0.466489
0.466489
0.466489
0.466489
0.466489
0.466489
0.466489
0.466489
0.466489
0.466489
0.466489
0.466489
0.466489
0.466489
0.466489
0.466489
0.466489
0.466489
0.466489
0.466489
0.466489
0.479008
0.479008
0.479008
0.479008
0.479008
0.479008
0.479008
0.479008
0.479008
0.479008
0.479008
0.479008
0.479008
0.479008
0.479008
0.479008
0.479008
0.479008
0.479008
0.479008
0.479008
0.479008
0.479008
0.491528
0.491528
0.491528
0.491528
0.491528
0.491528
0.491528
0.491528
0.491528
0.491528
0.491528
0.491528
0.491528
0.491528
0.491528
0.491528
0.491528
0.491528
0.491528
0.491528
0.491528
0.491528
0.491528
0.504047
0.504047
0.504047
0.504047
0.504047
0.504047
0.504047
0.504047
0.504047
0.504047
0.504047
0.504047
0.504047
0.504047
0.504047
0.504047
0.504047
0.504047
0.504047
0.504047
0.504047
0.504047
0.504047
0.516566
0.516566
0.516566
0.516566
0.516566
0.516566
0.516566
0.516566
0.516566
0.516566
0.516566
0.516566
0.516566
0.516566
0.516566
0.516566
0.516566
0.516566
0.516566
0.516566
0.516566
0.516566
0.516566
0.529086
0.529086
0.529086
0.529086
0.529086
0.529086
0.529086
0.529086
0.529086
0.529086
0.529086
0.529086
0.529086
0.529086
0.529086
0.529086
0.529086
0.529086
0.529086
0.529086
0.529086
0.529086
0.529086
0.541605
0.541605
0.541605
0.541605
0.541605
0.541605
0.541605
0.541605
0.541605
0.541605
0.541605
0.541605
0.541605
0.541605
0.541605
0.541605
0.541605
0.541605
0.541605
0.541605
0.541605
0.541605
0.541605
0.554125
0.554125
0.554125
0.554125
0.554125
0.554125
0.554125
0.554125
0.554125
0.554125
0.554125
0.554125
0.554125
0.554125
0.554125
0.554125
0.554125
0.554125
0.554125
0.554125
0.554125
0.554125
0.554125
0.566644
0.566644
0.566644
0.566644
0.566644
0.566644
0.566644
0.566644
0.566644
0.566644
0.566644
0.566644
0.566644
0.566644
0.566644
0.566644
0.566644
0.566644
0.566644
0.566644
0.566644
0.566644
0.566644
0.0533467
0.0533467
0.0533467
0.0533467
0.0658662
0.0658662
0.0658662
0.0658662
0.0783856
0.0783856
0.0783856
0.0783856
0.0909051
0.0909051
0.0909051
0.0909051
0.103425
0.103425
0.103425
0.103425
0.115944
0.115944
0.115944
0.115944
0.128463
0.128463
0.128463
0.128463
0.140983
0.140983
0.140983
0.140983
0.153502
0.153502
0.153502
0.153502
0.166022
0.166022
0.166022
0.166022
0.178541
0.178541
0.178541
0.178541
0.191061
0.191061
0.191061
0.191061
0.20358
0.20358
0.20358
0.20358
0.2161
0.2161
0.2161
0.2161
0.228619
0.228619
0.228619
0.228619
0.241138
0.241138
0.241138
0.241138
0.253658
0.253658
0.253658
0.253658
0.266177
0.266177
0.266177
0.266177
0.278697
0.278697
0.278697
0.278697
0.291216
0.291216
0.291216
0.291216
0.303736
0.303736
0.303736
0.303736
0.316255
0.316255
0.316255
0.316255
0.328775
0.328775
0.328775
0.328775
0.341294
0.341294
0.341294
0.341294
0.353814
0.353814
0.353814
0.353814
0.366333
0.366333
0.366333
0.366333
0.378852
0.378852
0.378852
0.378852
0.391372
0.391372
0.391372
0.391372
0.403891
0.403891
0.403891
0.403891
0.416411
0.416411
0.416411
0.416411
0.42893
0.42893
0.42893
0.42893
0.44145
0.44145
0.44145
0.44145
0.453969
0.453969
0.453969
0.453969
0.466489
0.466489
0.466489
0.466489
0.479008
0.479008
0.479008
0.479008
0.491528
0.491528
0.491528
0.491528
0.504047
0.504047
0.504047
0.504047
0.516566
0.516566
0.516566
0.516566
0.529086
0.529086
0.529086
0.529086
0.541605
0.541605
0.541605
0.541605
0.554125
0.554125
0.554125
0.554125
0.566644
0.566644
0.566644
0.566644
0.0533467
0.0533467
0.0533467
0.0533467
0.0533467
0.0533467
0.0533467
0.0533467
0.0533467
0.0533467
0.0533467
0.0533467
0.0533467
0.0533467
0.0533467
0.0533467
0.0533467
0.0533467
0.0533467
0.0658662
0.0658662
0.0658662
0.0658662
0.0658662
0.0658662
0.0658662
0.0658662
0.0658662
0.0658662
0.0658662
0.0658662
0.0658662
0.0658662
0.0658662
0.0658662
0.0658662
0.0658662
0.0658662
0.0783856
0.0783856
0.0783856
0.0783856
0.0783856
0.0783856
0.0783856
0.0783856
0.0783856
0.0783856
0.0783856
0.0783856
0.0783856
0.0783856
0.0783856
0.0783856
0.0783856
0.0783856
0.0783856
0.0909051
0.0909051
0.0909051
0.0909051
0.0909051
0.0909051
0.0909051
0.0909051
0.0909051
0.0909051
0.0909051
0.0909051
0.0909051
0.0909051
0.0909051
0.0909051
0.0909051
0.0909051
0.0909051
0.103425
0.103425
0.103425
0.103425
0.103425
0.103425
0.103425
0.103425
0.103425
0.103425
0.103425
0.103425
0.103425
0.103425
0.103425
0.103425
0.103425
0.103425
0.103425
0.115944
0.115944
0.115944
0.115944
0.115944
0.115944
0.115944
0.115944
0.115944
0.115944
0.115944
0.115944
0.115944
0.115944
0.115944
0.115944
0.115944
0.115944
0.115944
0.128463
0.128463
0.128463
0.128463
0.128463
0.128463
0.128463
0.128463
0.128463
0.128463
0.128463
0.128463
0.128463
0.128463
0.128463
0.128463
0.128463
0.128463
0.128463
0.140983
0.140983
0.140983
0.140983
0.140983
0.140983
0.140983
0.140983
0.140983
0.140983
0.140983
0.140983
0.140983
0.140983
0.140983
0.140983
0.140983
0.140983
0.140983
0.153502
0.153502
0.153502
0.153502
0.153502
0.153502
0.153502
0.153502
0.153502
0.153502
0.153502
0.153502
0.153502
0.153502
0.153502
0.153502
0.153502
0.153502
0.153502
0.166022
0.166022
0.166022
0.166022
0.166022
0.166022
0.166022
0.166022
0.166022
0.166022
0.166022
0.166022
0.166022
0.166022
0.166022
0.166022
0.166022
0.166022
0.166022
0.178541
0.178541
0.178541
0.178541
0.178541
0.178541
0.178541
0.178541
0.178541
0.178541
0.178541
0.178541
0.178541
0.178541
0.178541
0.178541
0.178541
0.178541
0.178541
0.191061
0.191061
0.191061
0.191061
0.191061
0.191061
0.191061
0.191061
0.191061
0.191061
0.191061
0.191061
0.191061
0.191061
0.191061
0.191061
0.191061
0.191061
0.191061
0.20358
0.20358
0.20358
0.20358
0.20358
0.20358
0.20358
0.20358
0.20358
0.20358
0.20358
0.20358
0.20358
0.20358
0.20358
0.20358
0.20358
0.20358
0.20358
0.2161
0.2161
0.2161
0.2161
0.2161
0.2161
0.2161
0.2161
0.2161
0.2161
0.2161
0.2161
0.2161
0.2161
0.2161
0.2161
0.2161
0.2161
0.2161
0.228619
0.228619
0.228619
0.228619
0.228619
0.228619
0.228619
0.228619
0.228619
0.228619
0.228619
0.228619
0.228619
0.228619
0.228619
0.228619
0.228619
0.228619
0.228619
0.241138
0.241138
0.241138
0.241138
0.241138
0.241138
0.241138
0.241138
0.241138
0.241138
0.241138
0.241138
0.241138
0.241138
0.241138
0.241138
0.241138
0.241138
0.241138
0.253658
0.253658
0.253658
0.253658
0.253658
0.253658
0.253658
0.253658
0.253658
0.253658
0.253658
0.253658
0.253658
0.253658
0.253658
0.253658
0.253658
0.253658
0.253658
0.266177
0.266177
0.266177
0.266177
0.266177
0.266177
0.266177
0.266177
0.266177
0.266177
0.266177
0.266177
0.266177
0.266177
0.266177
0.266177
0.266177
0.266177
0.266177
0.278697
0.278697
0.278697
0.278697
0.278697
0.278697
0.278697
0.278697
0.278697
0.278697
0.278697
0.278697
0.278697
0.278697
0.278697
0.278697
0.278697
0.278697
0.278697
0.291216
0.291216
0.291216
0.291216
0.291216
0.291216
0.291216
0.291216
0.291216
0.291216
0.291216
0.291216
0.291216
0.291216
0.291216
0.291216
0.291216
0.291216
0.291216
0.303736
0.303736
0.303736
0.303736
0.303736
0.303736
0.303736
0.303736
0.303736
0.303736
0.303736
0.303736
0.303736
0.303736
0.303736
0.303736
0.303736
0.303736
0.303736
0.316255
0.316255
0.316255
0.316255
0.316255
0.316255
0.316255
0.316255
0.316255
0.316255
0.316255
0.316255
0.316255
0.316255
0.316255
0.316255
0.316255
0.316255
0.316255
0.328775
0.328775
0.328775
0.328775
0.328775
0.328775
0.328775
0.328775
0.328775
0.328775
0.328775
0.328775
0.328775
0.328775
0.328775
0.328775
0.328775
0.328775
0.328775
0.341294
0.341294
0.341294
0.341294
0.341294
0.341294
0.341294
0.341294
0.341294
0.341294
0.341294
0.341294
0.341294
0.341294
0.341294
0.341294
0.341294
0.341294
0.341294
0.353814
0.353814
0.353814
0.353814
0.353814
0.353814
0.353814
0.353814
0.353814
0.353814
0.353814
0.353814
0.353814
0.353814
0.353814
0.353814
0.353814
0.353814
0.353814
0.366333
0.366333
0.366333
0.366333
0.366333
0.366333
0.366333
0.366333
0.366333
0.366333
0.366333
0.366333
0.366333
0.366333
0.366333
0.366333
0.366333
0.366333
0.366333
0.378852
0.378852
0.378852
0.378852
0.378852
0.378852
0.378852
0.378852
0.378852
0.378852
0.378852
0.378852
0.378852
0.378852
0.378852
0.378852
0.378852
0.378852
0.378852
0.391372
0.391372
0.391372
0.391372
0.391372
0.391372
0.391372
0.391372
0.391372
0.391372
0.391372
0.391372
0.391372
0.391372
0.391372
0.391372
0.391372
0.391372
0.391372
0.403891
0.403891
0.403891
0.403891
0.403891
0.403891
0.403891
0.403891
0.403891
0.403891
0.403891
0.403891
0.403891
0.403891
0.403891
0.403891
0.403891
0.403891
0.403891
0.416411
0.416411
0.416411
0.416411
0.416411
0.416411
0.416411
0.416411
0.416411
0.416411
0.416411
0.416411
0.416411
0.416411
0.416411
0.416411
0.416411
0.416411
0.416411
0.42893
0.42893
0.42893
0.42893
0.42893
0.42893
0.42893
0.42893
0.42893
0.42893
0.42893
0.42893
0.42893
0.42893
0.42893
0.42893
0.42893
0.42893
0.42893
0.44145
0.44145
0.44145
0.44145
0.44145
0.44145
0.44145
0.44145
0.44145
0.44145
0.44145
0.44145
0.44145
0.44145
0.44145
0.44145
0.44145
0.44145
0.44145
0.453969
0.453969
0.453969
0.453969
0.453969
0.453969
0.453969
0.453969
0.453969
0.453969
0.453969
0.453969
0.453969
0.453969
0.453969
0.453969
0.453969
0.453969
0.453969
0.466489
0.466489
0.466489
0.466489
0.466489
0.466489
0.466489
0.466489
0.466489
0.466489
0.466489
0.466489
0.466489
0.466489
0.466489
0.466489
0.466489
0.466489
0.466489
0.479008
0.479008
0.479008
0.479008
0.479008
0.479008
0.479008
0.479008
0.479008
0.479008
0.479008
0.479008
0.479008
0.479008
0.479008
0.479008
0.479008
0.479008
0.479008
0.491528
0.491528
0.491528
0.491528
0.491528
0.491528
0.491528
0.491528
0.491528
0.491528
0.491528
0.491528
0.491528
0.491528
0.491528
0.491528
0.491528
0.491528
0.491528
0.504047
0.504047
0.504047
0.504047
0.504047
0.504047
0.504047
0.504047
0.504047
0.504047
0.504047
0.504047
0.504047
0.504047
0.504047
0.504047
0.504047
0.504047
0.504047
0.516566
0.516566
0.516566
0.516566
0.516566
0.516566
0.516566
0.516566
0.516566
0.516566
0.516566
0.516566
0.516566
0.516566
0.516566
0.516566
0.516566
0.516566
0.516566
0.529086
0.529086
0.529086
0.529086
0.529086
0.529086
0.529086
0.529086
0.529086
0.529086
0.529086
0.529086
0.529086
0.529086
0.529086
0.529086
0.529086
0.529086
0.529086
0.541605
0.541605
0.541605
0.541605
0.541605
0.541605
0.541605
0.541605
0.541605
0.541605
0.541605
0.541605
0.541605
0.541605
0.541605
0.541605
0.541605
0.541605
0.541605
0.554125
0.554125
0.554125
0.554125
0.554125
0.554125
0.554125
0.554125
0.554125
0.554125
0.554125
0.554125
0.554125
0.554125
0.554125
0.554125
0.554125
0.554125
0.554125
0.566644
0.566644
0.566644
0.566644
0.566644
0.566644
0.566644
0.566644
0.566644
0.566644
0.566644
0.566644
0.566644
0.566644
0.566644
0.566644
0.566644
0.566644
0.566644
)
;

boundaryField
{
    leftWall
    {
        type            fixedFluxPressure;
        gradient        uniform 0;
        value           uniform 0;
    }
    rightWall
    {
        type            fixedFluxPressure;
        gradient        uniform 0;
        value           uniform 0;
    }
    lowerWall
    {
        type            fixedFluxPressure;
        gradient        uniform 0;
        value           uniform 0;
    }
    atmosphere
    {
        type            totalPressure;
        rho             rho;
        psi             none;
        gamma           1;
        p0              uniform 0;
        value           uniform 0;
    }
    defaultFaces
    {
        type            empty;
    }
}


// ************************************************************************* //
